-8.96e-06,262.5640869141,4207.5639648438,4266.6665039062,29.2307605743
65.6410140991,7881.1538085938,-8.96e-06,-8.96e-06,-8.96e-06
380.5128173828,6375.5126953125,32.8205032349,965.1281738281,8209.1025390625
-8.96e-06,262.5640869141,6306.0258789062,4233.8461914062,28.2051200867
65.6410140991,4204.8715820312,-8.96e-06,-8.96e-06,-8.96e-06
333.3333129883,6383.7177734375,32.8205032349,860.5128173828,6871.6665039062
-8.96e-06,262.5640869141,2104.6154785156,4233.8461914062,23.0769138336
65.6410140991,7880.8974609375,-8.96e-06,-8.96e-06,-8.96e-06
776.4102783203,2346.5385742188,32.8205032349,770.2564086914,6584.4873046875
-8.96e-06,262.5640869141,2103.58984375,4233.8461914062,1.5384526253
65.6410140991,4.102555275,-8.96e-06,-8.96e-06,-8.96e-06
897.4359130859,3298.3332519531,32.8205032349,852.3076782227,6010.1284179688
-8.96e-06,262.5640869141,2.6922986507,4201.0258789062,24.1025543213
65.6410140991,4730.2563476562,-8.96e-06,-8.96e-06,-8.96e-06
725.1281738281,3035.7692871094,32.8205032349,790.7692260742,3359.8718261719
-8.96e-06,262.5640869141,2101.1538085938,4168.205078125,31.2820415497
65.6410140991,1579.1025390625,-8.96e-06,-8.96e-06,-8.96e-06
585.6409912109,6375.5126953125,32.8205032349,729.2307739258,1283.9743652344
-8.96e-06,262.5640869141,2101.2819824219,4168.205078125,17.9487094879
65.6410140991,3154.3588867188,-8.96e-06,-8.96e-06,-8.96e-06
509.7435913086,6375.5126953125,32.8205032349,636.9230957031,1005.0
-8.96e-06,262.5640869141,2101.2819824219,4135.384765625,31.2820415497
65.6410140991,1053.5897216797,-8.96e-06,-8.96e-06,-8.96e-06
8361.9228515625,6383.7177734375,32.8205032349,774.3589477539,6198.7177734375
-8.96e-06,229.7435760498,30.5128116608,4135.384765625,6.6666579247
65.6410140991,3153.205078125,-8.96e-06,-8.96e-06,-8.96e-06
8002.9487304688,6391.9228515625,32.8205032349,729.2307739258,3876.6667480469
-8.96e-06,229.7435760498,2129.6154785156,4102.5639648438,18.4615287781
65.6410140991,5778.205078125,-8.96e-06,-8.96e-06,-8.96e-06
8000.8974609375,-8.96e-06,32.8205032349,774.3589477539,2227.4357910156
-8.96e-06,229.7435760498,29.1025543213,4102.5639648438,21.0256328583
65.6410140991,5252.9487304688,-8.96e-06,-8.96e-06,-8.96e-06
8064.4873046875,16.4102478027,32.8205032349,524.1025390625,340.2564086914
-8.96e-06,229.7435760498,28.3333244324,4069.7436523438,28.2051200867
65.6410140991,3152.0512695312,-8.96e-06,-8.96e-06,-8.96e-06
7992.6923828125,24.6153755188,32.8205032349,669.7435913086,6797.5639648438
-8.96e-06,229.7435760498,6329.3588867188,4069.7436523438,25.1281967163
65.6410140991,2627.0512695312,-8.96e-06,-8.96e-06,-8.96e-06
8240.8974609375,16.4102478027,32.8205032349,920.0,6247.8203125
-8.96e-06,229.7435760498,6327.4360351562,4069.7436523438,-8.96e-06
65.6410140991,4727.1796875,-8.96e-06,-8.96e-06,-8.96e-06
7949.615234375,8.205119133,32.8205032349,760.0,3679.6154785156
-8.96e-06,229.7435760498,6327.0512695312,4036.9230957031,16.4102478027
65.6410140991,4727.0512695312,-8.96e-06,-8.96e-06,-8.96e-06
8000.8974609375,16.4102478027,32.8205032349,796.9230957031,1849.8718261719
-8.96e-06,229.7435760498,4225.0,4036.9230957031,1.5384526253
65.6410140991,2101.1538085938,-8.96e-06,-8.96e-06,-8.96e-06
8009.1025390625,-8.96e-06,32.8205032349,597.9487304688,676.5384521484
-8.96e-06,229.7435760498,22.6922988892,4004.1025390625,29.7435798645
65.6410140991,7351.9228515625,-8.96e-06,-8.96e-06,-8.96e-06
7968.0771484375,8.205119133,32.8205032349,487.179473877,249.8717803955
-8.96e-06,229.7435760498,2123.4614257812,4036.9230957031,14.8717861176
32.8205032349,7909.615234375,-8.96e-06,-8.96e-06,-8.96e-06
7908.58984375,8.205119133,32.8205032349,659.4871826172,6182.0512695312
-8.96e-06,229.7435760498,4223.8461914062,4036.9230957031,11.2820425034
32.8205032349,1082.4359130859,-8.96e-06,-8.96e-06,-8.96e-06
7748.58984375,24.6153755188,32.8205032349,700.5128173828,5771.794921875
-8.96e-06,229.7435760498,21.6666584015,4036.9230957031,2.0512731075
32.8205032349,3707.5642089844,-8.96e-06,-8.96e-06,-8.96e-06
7656.2822265625,8.205119133,32.8205032349,915.8973999023,3433.3332519531
-8.96e-06,229.7435760498,2122.3076171875,4004.1025390625,23.5897350311
32.8205032349,4757.4360351562,-8.96e-06,-8.96e-06,-8.96e-06
7666.5385742188,-8.96e-06,32.8205032349,881.0256347656,2891.794921875
-8.96e-06,229.7435760498,6322.9487304688,4004.1025390625,22.5640945435
32.8205032349,6857.6923828125,-8.96e-06,-8.96e-06,-8.96e-06
7756.794921875,16.4102478027,32.8205032349,835.8973999023,2875.3845214844
-8.96e-06,229.7435760498,6322.0512695312,4004.1025390625,9.2307605743
32.8205032349,556.0256347656,-8.96e-06,-8.96e-06,-8.96e-06
7822.4360351562,16.4102478027,32.8205032349,762.0512695312,463.0769042969
-8.96e-06,229.7435760498,6321.9228515625,4004.1025390625,30.256401062
32.8205032349,1081.0256347656,-8.96e-06,-8.96e-06,-8.96e-06
7674.7436523438,24.6153755188,32.8205032349,958.9743652344,8052.6923828125
-8.96e-06,229.7435760498,2120.0,4036.9230957031,13.8461446762
32.8205032349,7382.1796875,-8.96e-06,-8.96e-06,-8.96e-06
7401.9228515625,16.4102478027,32.8205032349,686.1538085938,6198.3334960938
-8.96e-06,229.7435760498,2119.2307128906,4036.9230957031,15.8974266052
32.8205032349,1605.3846435547,-8.96e-06,-8.96e-06,-8.96e-06
7151.6665039062,24.6153755188,32.8205032349,809.2307739258,4713.205078125
-8.96e-06,229.7435760498,18.8461456299,4036.9230957031,15.3846063614
32.8205032349,7381.5385742188,-8.96e-06,-8.96e-06,-8.96e-06
7098.3334960938,24.6153755188,32.8205032349,844.1025390625,3892.6923828125
-8.96e-06,229.7435760498,6319.615234375,4036.9230957031,2.0512731075
32.8205032349,3180.2563476562,-8.96e-06,-8.96e-06,-8.96e-06
7746.5385742188,24.6153755188,32.8205032349,819.4871826172,4220.8974609375
-8.96e-06,229.7435760498,19.35896492,4036.9230957031,17.4358882904
32.8205032349,2655.3845214844,-8.96e-06,-8.96e-06,-8.96e-06
7799.8715820312,8.205119133,32.8205032349,696.4102783203,2883.4614257812
-8.96e-06,229.7435760498,4218.205078125,4036.9230957031,14.3589658737
32.8205032349,554.6153564453,-8.96e-06,-8.96e-06,-8.96e-06
8041.9228515625,24.6153755188,32.8205032349,782.5640869141,2875.2563476562
-8.96e-06,229.7435760498,4218.7177734375,4036.9230957031,17.9487094879
32.8205032349,4755.384765625,-8.96e-06,-8.96e-06,-8.96e-06
7488.0771484375,24.6153755188,32.8205032349,688.2051391602,7904.8715820312
-8.96e-06,229.7435760498,6319.2309570312,4069.7436523438,3.5897345543
32.8205032349,3179.8718261719,-8.96e-06,-8.96e-06,-8.96e-06
7541.41015625,-8.96e-06,32.8205032349,542.5640869141,6912.0512695312
-8.96e-06,229.7435760498,18.4615287781,4069.7436523438,5.6410164833
32.8205032349,4230.0,-8.96e-06,-8.96e-06,-8.96e-06
7360.8974609375,16.4102478027,32.8205032349,840.0,5221.794921875
-8.96e-06,229.7435760498,21.7948627472,4069.7436523438,26.6666584015
32.8205032349,4755.6411132812,-8.96e-06,-8.96e-06,-8.96e-06
7358.8461914062,6383.7177734375,32.8205032349,745.6409912109,5082.3076171875
-8.96e-06,229.7435760498,6324.7436523438,4069.7436523438,20.5128116608
32.8205032349,29.6153755188,-8.96e-06,-8.96e-06,-8.96e-06
7641.9228515625,3158.8461914062,32.8205032349,753.8461303711,6468.9741210938
-8.96e-06,229.7435760498,4226.41015625,4069.7436523438,22.0512733459
32.8205032349,5806.1538085938,-8.96e-06,-8.96e-06,-8.96e-06
8048.0771484375,5497.3076171875,32.8205032349,593.8461303711,7322.3076171875
-8.96e-06,229.7435760498,27.6922988892,4102.5639648438,9.2307605743
32.8205032349,1080.5128173828,-8.96e-06,-8.96e-06,-8.96e-06
8177.3076171875,7171.0258789062,32.8205032349,864.6153564453,7174.615234375
-8.96e-06,229.7435760498,4229.4873046875,4102.5639648438,23.5897350311
32.8205032349,4756.5385742188,-8.96e-06,-8.96e-06,-8.96e-06
7787.5639648438,6375.5126953125,32.8205032349,796.9230957031,7658.7177734375
-8.96e-06,229.7435760498,4228.7177734375,4102.5639648438,25.6410160065
32.8205032349,4231.0258789062,-8.96e-06,-8.96e-06,-8.96e-06
7512.6923828125,6391.9228515625,32.8205032349,741.5384521484,4934.615234375
-8.96e-06,229.7435760498,2128.0769042969,4135.384765625,5.1281962395
32.8205032349,1604.8718261719,-8.96e-06,-8.96e-06,-8.96e-06
7127.0512695312,6391.9228515625,32.8205032349,864.6153564453,3859.7436523438
-8.96e-06,229.7435760498,4228.58984375,4135.384765625,3.5897345543
32.8205032349,1079.3590087891,-8.96e-06,-8.96e-06,-8.96e-06
7775.2563476562,6367.3076171875,32.8205032349,741.5384521484,4475.1284179688
-8.96e-06,229.7435760498,29.8717861176,4135.384765625,2.0512731075
32.8205032349,7381.1538085938,-8.96e-06,-8.96e-06,-8.96e-06
7633.7177734375,6391.9228515625,32.8205032349,794.8717651367,3991.0256347656
-8.96e-06,229.7435760498,4231.794921875,4135.384765625,13.3333244324
32.8205032349,5281.1538085938,-8.96e-06,-8.96e-06,-8.96e-06
8043.974609375,6367.3076171875,32.8205032349,702.5640869141,7724.3588867188
-8.96e-06,229.7435760498,32.1794776917,4168.205078125,4.102555275
32.8205032349,5806.794921875,-8.96e-06,-8.96e-06,-8.96e-06
8294.23046875,6367.3076171875,32.8205032349,766.1538085938,889.6153564453
-8.96e-06,229.7435760498,31.6666584015,4168.205078125,12.8205041885
32.8205032349,1605.3846435547,-8.96e-06,-8.96e-06,-8.96e-06
7992.6923828125,6375.5126953125,32.8205032349,708.717956543,1628.0769042969
-8.96e-06,262.5640869141,2100.6411132812,4201.0258789062,16.9230670929
32.8205032349,1605.5128173828,-8.96e-06,-8.96e-06,-8.96e-06
7925.0,6383.7177734375,32.8205032349,801.0256347656,1373.7178955078
-8.96e-06,262.5640869141,4202.4360351562,4201.0258789062,16.9230670929
32.8205032349,30.1281967163,-8.96e-06,-8.96e-06,-8.96e-06
7752.6923828125,6367.3076171875,32.8205032349,760.0,413.7179260254
-8.96e-06,262.5640869141,6304.1025390625,4201.0258789062,18.4615287781
32.8205032349,3181.2819824219,-8.96e-06,-8.96e-06,-8.96e-06
7685.0,6367.3076171875,32.8205032349,643.0769042969,1792.1794433594
-8.96e-06,262.5640869141,6304.615234375,4201.0258789062,10.7692222595
32.8205032349,4231.5385742188,-8.96e-06,-8.96e-06,-8.96e-06
7824.4873046875,6383.7177734375,32.8205032349,710.7692260742,2071.1538085938
-8.96e-06,262.5640869141,2106.41015625,4201.0258789062,16.9230670929
32.8205032349,3181.9230957031,-8.96e-06,-8.96e-06,-8.96e-06
7812.1796875,6391.9228515625,32.8205032349,825.6409912109,3425.0
-8.96e-06,262.5640869141,2106.6667480469,4201.0258789062,16.9230670929
32.8205032349,6332.6923828125,-8.96e-06,-8.96e-06,-8.96e-06
7680.8974609375,6375.5126953125,32.8205032349,958.9743652344,5107.0512695312
-8.96e-06,262.5640869141,6.2820425034,4201.0258789062,23.5897350311
32.8205032349,7383.205078125,-8.96e-06,-8.96e-06,-8.96e-06
7525.0,6367.3076171875,32.8205032349,597.9487304688,5837.3076171875
-8.96e-06,262.5640869141,4207.0512695312,4233.8461914062,5.1281962395
32.8205032349,5282.5639648438,-8.96e-06,-8.96e-06,-8.96e-06
7473.7177734375,6375.5126953125,32.8205032349,729.2307739258,5853.7177734375
-8.96e-06,262.5640869141,6308.205078125,4266.6665039062,2.0512731075
32.8205032349,6858.0771484375,-8.96e-06,-8.96e-06,-8.96e-06
7475.7690429688,6391.9228515625,32.8205032349,762.0512695312,6272.1796875
-8.96e-06,262.5640869141,2105.2563476562,4233.8461914062,26.6666584015
32.8205032349,5282.4360351562,-8.96e-06,-8.96e-06,-8.96e-06
7658.3334960938,6375.5126953125,32.8205032349,624.6153564453,8364.4873046875
-8.96e-06,262.5640869141,2105.2563476562,4266.6665039062,17.4358882904
32.8205032349,4757.4360351562,-8.96e-06,-8.96e-06,-8.96e-06
7740.384765625,6383.7177734375,32.8205032349,526.1538085938,2711.2819824219
-8.96e-06,262.5640869141,5.6410164833,4266.6665039062,19.4871711731
32.8205032349,556.7948608398,-8.96e-06,-8.96e-06,-8.96e-06
8029.615234375,6375.5126953125,32.8205032349,790.7692260742,7568.7177734375
-8.96e-06,262.5640869141,4207.8203125,4266.6665039062,13.8461446762
32.8205032349,3183.0769042969,-8.96e-06,-8.96e-06,-8.96e-06
7990.6411132812,6367.3076171875,32.8205032349,636.9230957031,1300.1281738281
-8.96e-06,262.5640869141,2108.3332519531,4266.6665039062,10.7692222595
65.6410140991,525.2564086914,-8.96e-06,-8.96e-06,-8.96e-06
7927.0512695312,6375.5126953125,32.8205032349,653.3333129883,7182.5639648438
-8.96e-06,262.5640869141,2107.8205566406,4266.6665039062,24.1025543213
65.6410140991,2100.6411132812,-8.96e-06,-8.96e-06,-8.96e-06
7442.9487304688,6383.7177734375,32.8205032349,747.6923217773,4392.3076171875
-8.96e-06,262.5640869141,4209.4873046875,4299.4873046875,6.6666579247
65.6410140991,5776.9228515625,-8.96e-06,-8.96e-06,-8.96e-06
7797.8203125,6367.3076171875,32.8205032349,747.6923217773,2702.1794433594
-8.96e-06,262.5640869141,9.7435808182,4299.4873046875,25.6410160065
65.6410140991,5251.9228515625,-8.96e-06,-8.96e-06,-8.96e-06
7576.2822265625,6367.3076171875,32.8205032349,827.6923217773,8092.9487304688
-8.96e-06,262.5640869141,6310.5126953125,4299.4873046875,28.7179393768
65.6410140991,526.0256347656,-8.96e-06,-8.96e-06,-8.96e-06
7865.5126953125,6383.7177734375,32.8205032349,901.5384521484,3120.7692871094
-8.96e-06,262.5640869141,4211.0258789062,4299.4873046875,17.4358882904
65.6410140991,5777.5639648438,-8.96e-06,-8.96e-06,-8.96e-06
7765.0,6367.3076171875,32.8205032349,530.2564086914,7141.2822265625
-8.96e-06,262.5640869141,6.7948627472,4299.4873046875,27.1794776917
65.6410140991,526.282043457,-8.96e-06,-8.96e-06,-8.96e-06
7892.1796875,6367.3076171875,32.8205032349,552.8204956055,2431.6667480469
-8.96e-06,262.5640869141,6.9230680466,4332.3076171875,12.307682991
65.6410140991,4727.5639648438,-8.96e-06,-8.96e-06,-8.96e-06
8009.1025390625,6383.7177734375,32.8205032349,753.8461303711,4441.9228515625
-8.96e-06,262.5640869141,6310.1284179688,4332.3076171875,10.256401062
65.6410140991,7878.58984375,-8.96e-06,-8.96e-06,-8.96e-06
93.3333282471,2929.1025390625,32.8205032349,466.6666564941,528.2051391602
-8.96e-06,262.5640869141,2110.8974609375,4332.3076171875,23.0769138336
65.6410140991,3678.205078125,-8.96e-06,-8.96e-06,-8.96e-06
7984.4873046875,3470.6411132812,32.8205032349,856.4102783203,552.8204956055
-8.96e-06,262.5640869141,2110.3845214844,4332.3076171875,28.7179393768
65.6410140991,7878.974609375,-8.96e-06,-8.96e-06,-8.96e-06
7929.1025390625,1780.3846435547,32.8205032349,702.5640869141,3006.1538085938
-8.96e-06,262.5640869141,6309.7436523438,4332.3076171875,22.5640945435
65.6410140991,526.7948608398,-8.96e-06,-8.96e-06,-8.96e-06
7646.0258789062,6367.3076171875,32.8205032349,634.8717651367,4097.4360351562
-8.96e-06,262.5640869141,4211.1538085938,4365.1284179688,16.4102478027
65.6410140991,1577.4359130859,-8.96e-06,-8.96e-06,-8.96e-06
7984.4873046875,6375.5126953125,32.8205032349,856.4102783203,618.5897216797
-8.96e-06,262.5640869141,2111.2819824219,4365.1284179688,8.205119133
65.6410140991,5253.58984375,-8.96e-06,-8.96e-06,-8.96e-06
7941.41015625,6391.9228515625,32.8205032349,634.8717651367,2620.6411132812
-8.96e-06,262.5640869141,2112.4357910156,4365.1284179688,17.4358882904
65.6410140991,5253.9741210938,-8.96e-06,-8.96e-06,-8.96e-06
8109.615234375,6391.9228515625,32.8205032349,932.3076782227,6157.0512695312
-8.96e-06,262.5640869141,2111.6667480469,4365.1284179688,12.307682991
65.6410140991,1052.8205566406,-8.96e-06,-8.96e-06,-8.96e-06
7890.1284179688,24.6153755188,32.8205032349,794.8717651367,6780.6411132812
-8.96e-06,262.5640869141,4212.5639648438,4365.1284179688,16.9230670929
65.6410140991,3153.3332519531,-8.96e-06,-8.96e-06,-8.96e-06
8058.3334960938,8.205119133,32.8205032349,770.2564086914,700.7692260742
-8.96e-06,262.5640869141,6313.4614257812,4365.1284179688,18.4615287781
65.6410140991,1053.0769042969,-8.96e-06,-8.96e-06,-8.96e-06
7701.41015625,24.6153755188,32.8205032349,848.2051391602,2801.2819824219
-8.96e-06,262.5640869141,6314.2309570312,4365.1284179688,14.8717861176
65.6410140991,7879.8715820312,-8.96e-06,-8.96e-06,-8.96e-06
7475.7690429688,8.205119133,32.8205032349,805.1281738281,3392.0512695312
-8.96e-06,262.5640869141,2113.58984375,4365.1284179688,16.4102478027
65.6410140991,7354.8715820312,-8.96e-06,-8.96e-06,-8.96e-06
7248.0771484375,8.205119133,32.8205032349,597.9487304688,8347.9482421875
-8.96e-06,262.5640869141,4212.9487304688,4365.1284179688,4.6153755188
65.6410140991,6304.2309570312,-8.96e-06,-8.96e-06,-8.96e-06
7611.1538085938,-8.96e-06,32.8205032349,616.4102783203,3474.2307128906
-8.96e-06,262.5640869141,4214.8715820312,4397.9487304688,9.2307605743
65.6410140991,1053.7178955078,-8.96e-06,-8.96e-06,-8.96e-06
8242.9482421875,16.4102478027,32.8205032349,682.0512695312,6034.2309570312
-8.96e-06,262.5640869141,6314.8715820312,4397.9487304688,3.076914072
65.6410140991,5779.7436523438,-8.96e-06,-8.96e-06,-8.96e-06
8251.154296875,-8.96e-06,32.8205032349,626.6666870117,110.256401062
-8.96e-06,262.5640869141,13.3333244324,4397.9487304688,13.3333244324
65.6410140991,6830.1284179688,-8.96e-06,-8.96e-06,-8.96e-06
7777.3076171875,-8.96e-06,32.8205032349,708.717956543,381.0256347656
-8.96e-06,262.5640869141,4213.7177734375,4397.9487304688,13.3333244324
65.6410140991,5254.4873046875,-8.96e-06,-8.96e-06,-8.96e-06
7867.5639648438,24.6153755188,32.8205032349,569.2307739258,3195.3845214844
-8.96e-06,262.5640869141,2114.7436523438,4397.9487304688,15.8974266052
65.6410140991,4204.7436523438,-8.96e-06,-8.96e-06,-8.96e-06
7740.384765625,24.6153755188,32.8205032349,718.9743652344,4508.205078125
-8.96e-06,262.5640869141,14.2307605743,4397.9487304688,10.256401062
65.6410140991,4204.4873046875,-8.96e-06,-8.96e-06,-8.96e-06
7968.0771484375,16.4102478027,32.8205032349,913.8461303711,6633.3334960938
-8.96e-06,262.5640869141,16.6666584015,4397.9487304688,25.6410160065
65.6410140991,7355.8974609375,-8.96e-06,-8.96e-06,-8.96e-06
7916.794921875,-8.96e-06,32.8205032349,677.9487304688,36.5384521484
-8.96e-06,262.5640869141,6316.6665039062,4365.1284179688,29.7435798645
65.6410140991,1579.1025390625,-8.96e-06,-8.96e-06,-8.96e-06
7806.0258789062,16.4102478027,32.8205032349,813.3333129883,930.8973999023
-8.96e-06,262.5640869141,6315.8974609375,4397.9487304688,1.0256320238
65.6410140991,4205.0,-8.96e-06,-8.96e-06,-8.96e-06
7756.794921875,24.6153755188,32.8205032349,803.0769042969,3433.4614257812
-8.96e-06,262.5640869141,6315.0,4397.9487304688,5.6410164833
65.6410140991,1054.2307128906,-8.96e-06,-8.96e-06,-8.96e-06
8002.9487304688,8.205119133,32.8205032349,934.3589477539,7273.4614257812
-8.96e-06,262.5640869141,2114.7436523438,4397.9487304688,24.6153755188
65.6410140991,5780.384765625,-8.96e-06,-8.96e-06,-8.96e-06
7785.5126953125,16.4102478027,32.8205032349,725.1281738281,8315.5126953125
-8.96e-06,262.5640869141,4216.6665039062,4397.9487304688,32.3076820374
65.6410140991,5255.7690429688,-8.96e-06,-8.96e-06,-8.96e-06
7791.6665039062,8.205119133,32.8205032349,776.4102783203,3646.9230957031
-8.96e-06,262.5640869141,2116.794921875,4397.9487304688,23.5897350311
65.6410140991,529.8717651367,-8.96e-06,-8.96e-06,-8.96e-06
7637.8203125,-8.96e-06,32.8205032349,528.2051391602,4278.7177734375
-8.96e-06,262.5640869141,6317.5639648438,4397.9487304688,16.4102478027
65.6410140991,5781.41015625,-8.96e-06,-8.96e-06,-8.96e-06
7771.1538085938,8.205119133,32.8205032349,651.282043457,5263.3334960938
-8.96e-06,262.5640869141,6317.9487304688,4397.9487304688,17.9487094879
65.6410140991,6831.9228515625,-8.96e-06,-8.96e-06,-8.96e-06
7760.8974609375,-8.96e-06,32.8205032349,780.5128173828,6494.1025390625
-8.96e-06,262.5640869141,6316.9228515625,4397.9487304688,15.3846063614
65.6410140991,7356.9228515625,-8.96e-06,-8.96e-06,-8.96e-06
8007.0512695312,24.6153755188,32.8205032349,788.717956543,1645.0
-8.96e-06,262.5640869141,6316.9228515625,4397.9487304688,21.5384521484
65.6410140991,7882.3076171875,-8.96e-06,-8.96e-06,-8.96e-06
7992.6923828125,8.205119133,32.8205032349,846.1538085938,4680.8974609375
-8.96e-06,262.5640869141,4216.5385742188,4397.9487304688,20.5128116608
65.6410140991,3681.5385742188,-8.96e-06,-8.96e-06,-8.96e-06
8035.7690429688,8.205119133,32.8205032349,757.9487304688,6592.6923828125
-8.96e-06,262.5640869141,4221.0258789062,4397.9487304688,28.2051200867
65.6410140991,1056.9230957031,-8.96e-06,-8.96e-06,-8.96e-06
8072.6923828125,6367.3076171875,32.8205032349,801.0256347656,233.8461456299
-8.96e-06,262.5640869141,29.1025543213,4430.7690429688,26.6666584015
65.6410140991,3684.1025390625,-8.96e-06,-8.96e-06,-8.96e-06
8279.8720703125,2543.4614257812,32.8205032349,827.6923217773,2843.0769042969
-8.96e-06,295.3846130371,6302.3076171875,4430.7690429688,30.256401062
65.6410140991,3160.2563476562,-8.96e-06,-8.96e-06,-8.96e-06
8349.615234375,3175.2563476562,32.8205032349,837.9487304688,3778.4614257812
-8.96e-06,295.3846130371,6303.8461914062,4463.58984375,8.205119133
65.6410140991,6836.5385742188,-8.96e-06,-8.96e-06,-8.96e-06
42.0512733459,2682.9487304688,32.8205032349,626.6666870117,5066.6665039062
-8.96e-06,295.3846130371,4202.0512695312,4430.7690429688,30.256401062
65.6410140991,6836.41015625,-8.96e-06,-8.96e-06,-8.96e-06
140.5128173828,6383.7177734375,32.8205032349,827.6923217773,6715.8974609375
-8.96e-06,262.5640869141,32.0512733459,4430.7690429688,9.2307605743
65.6410140991,1585.0,-8.96e-06,-8.96e-06,-8.96e-06
140.5128173828,6367.3076171875,32.8205032349,626.6666870117,110.8974304199
-8.96e-06,262.5640869141,2128.58984375,4397.9487304688,27.1794776917
65.6410140991,8.9743499756,-8.96e-06,-8.96e-06,-8.96e-06
8273.7177734375,6375.5126953125,32.8205032349,657.4359130859,1505.7691650391
-8.96e-06,262.5640869141,25.3846073151,4397.9487304688,3.5897345543
65.6410140991,1058.5897216797,-8.96e-06,-8.96e-06,-8.96e-06
8074.7436523438,6383.7177734375,32.8205032349,517.9487304688,2539.6154785156
-8.96e-06,262.5640869141,21.9230670929,4365.1284179688,22.5640945435
65.6410140991,3158.205078125,-8.96e-06,-8.96e-06,-8.96e-06
8300.384765625,6375.5126953125,32.8205032349,784.6153564453,3606.2819824219
-8.96e-06,262.5640869141,4221.6665039062,4365.1284179688,19.9999904633
65.6410140991,6308.7177734375,-8.96e-06,-8.96e-06,-8.96e-06
370.2564086914,6383.7177734375,32.8205032349,813.3333129883,6527.3076171875
-8.96e-06,262.5640869141,19.35896492,4397.9487304688,6.153837204
65.6410140991,6834.1025390625,-8.96e-06,-8.96e-06,-8.96e-06
238.9743499756,6383.7177734375,32.8205032349,710.7692260742,6888.3334960938
-8.96e-06,262.5640869141,6321.41015625,4397.9487304688,29.7435798645
65.6410140991,3683.58984375,-8.96e-06,-8.96e-06,-8.96e-06
111.7948608398,6383.7177734375,32.8205032349,788.717956543,619.7435913086
-8.96e-06,262.5640869141,17.8205032349,4397.9487304688,25.1281967163
65.6410140991,7.4358882904,-8.96e-06,-8.96e-06,-8.96e-06
8394.7431640625,6367.3076171875,32.8205032349,760.0,37.1794776917
-8.96e-06,262.5640869141,6319.615234375,4430.7690429688,15.8974266052
65.6410140991,7359.2309570312,-8.96e-06,-8.96e-06,-8.96e-06
7785.5126953125,6383.7177734375,32.8205032349,686.1538085938,578.717956543
-8.96e-06,262.5640869141,2117.1794433594,4430.7690429688,11.7948627472
65.6410140991,6308.8461914062,-8.96e-06,-8.96e-06,-8.96e-06
7910.6411132812,6391.9228515625,32.8205032349,612.3076782227,2843.3332519531
-8.96e-06,262.5640869141,6318.7177734375,4430.7690429688,9.2307605743
65.6410140991,532.4359130859,-8.96e-06,-8.96e-06,-8.96e-06
7836.794921875,6391.9228515625,32.8205032349,688.2051391602,4049.4870605469
-8.96e-06,262.5640869141,2117.6923828125,4463.58984375,3.5897345543
65.6410140991,6833.9741210938,-8.96e-06,-8.96e-06,-8.96e-06
8050.1284179688,6367.3076171875,32.8205032349,597.9487304688,5124.3588867188
-8.96e-06,262.5640869141,16.5384521484,4430.7690429688,27.6922988892
65.6410140991,3682.6923828125,-8.96e-06,-8.96e-06,-8.96e-06
8009.1025390625,6391.9228515625,32.8205032349,817.4359130859,5444.3588867188
-8.96e-06,262.5640869141,6317.5639648438,4430.7690429688,22.0512733459
65.6410140991,7883.7177734375,-8.96e-06,-8.96e-06,-8.96e-06
7746.5385742188,6383.7177734375,32.8205032349,513.8461303711,6174.615234375
-8.96e-06,262.5640869141,6318.205078125,4430.7690429688,4.102555275
65.6410140991,6308.3334960938,-8.96e-06,-8.96e-06,-8.96e-06
7746.5385742188,6391.9228515625,32.8205032349,975.3845825195,7274.1025390625
-8.96e-06,262.5640869141,4220.1284179688,4430.7690429688,20.5128116608
65.6410140991,4733.4614257812,-8.96e-06,-8.96e-06,-8.96e-06
8339.359375,6391.9228515625,32.8205032349,776.4102783203,2080.3845214844
-8.96e-06,262.5640869141,19.6153755188,4430.7690429688,23.5897350311
65.6410140991,5783.9741210938,-8.96e-06,-8.96e-06,-8.96e-06
7775.2563476562,6375.5126953125,32.8205032349,846.1538085938,2203.4614257812
-8.96e-06,262.5640869141,19.8717861176,4430.7690429688,13.8461446762
65.6410140991,7359.3588867188,-8.96e-06,-8.96e-06,-8.96e-06
7820.384765625,6375.5126953125,32.8205032349,688.2051391602,2146.0256347656
-8.96e-06,262.5640869141,4220.7690429688,4430.7690429688,10.7692222595
65.6410140991,3683.7180175781,-8.96e-06,-8.96e-06,-8.96e-06
7943.4614257812,6367.3076171875,32.8205032349,585.6409912109,4574.7436523438
-8.96e-06,262.5640869141,4220.384765625,4430.7690429688,13.8461446762
65.6410140991,6308.9741210938,-8.96e-06,-8.96e-06,-8.96e-06
7687.0512695312,6367.3076171875,32.8205032349,778.4615478516,4574.7436523438
-8.96e-06,262.5640869141,2118.7180175781,4397.9487304688,17.4358882904
65.6410140991,7883.7177734375,-8.96e-06,-8.96e-06,-8.96e-06
7520.8974609375,6391.9228515625,32.8205032349,647.1795043945,4656.794921875
-8.96e-06,262.5640869141,4218.7177734375,4397.9487304688,29.2307605743
65.6410140991,2107.1794433594,-8.96e-06,-8.96e-06,-8.96e-06
7742.4360351562,6367.3076171875,32.8205032349,725.1281738281,6256.794921875
-8.96e-06,262.5640869141,18.4615287781,4430.7690429688,1.0256320238
65.6410140991,7358.3334960938,-8.96e-06,-8.96e-06,-8.96e-06
7762.9487304688,6383.7177734375,32.8205032349,702.5640869141,7495.7690429688
-8.96e-06,262.5640869141,6321.5385742188,4430.7690429688,6.153837204
65.6410140991,6308.58984375,-8.96e-06,-8.96e-06,-8.96e-06
7886.0258789062,6375.5126953125,32.8205032349,530.2564086914,7823.974609375
-8.96e-06,262.5640869141,4221.9228515625,4430.7690429688,5.1281962395
65.6410140991,3158.205078125,-8.96e-06,-8.96e-06,-8.96e-06
7377.3076171875,6391.9228515625,32.8205032349,567.1795043945,8201.41015625
-8.96e-06,262.5640869141,4222.1796875,4397.9487304688,27.6922988892
65.6410140991,1582.8205566406,-8.96e-06,-8.96e-06,-8.96e-06
7582.4360351562,6391.9228515625,32.8205032349,663.5897216797,1268.205078125
-8.96e-06,262.5640869141,2122.4357910156,4397.9487304688,25.1281967163
65.6410140991,7359.2309570312,-8.96e-06,-8.96e-06,-8.96e-06
7219.3588867188,6391.9228515625,32.8205032349,833.8461303711,8143.974609375
-8.96e-06,262.5640869141,4222.9487304688,4430.7690429688,2.0512731075
65.6410140991,5258.7177734375,-8.96e-06,-8.96e-06,-8.96e-06
7972.1796875,6367.3076171875,32.8205032349,876.9230957031,2901.0256347656
-8.96e-06,262.5640869141,6323.58984375,4430.7690429688,5.1281962395
65.6410140991,4733.58984375,-8.96e-06,-8.96e-06,-8.96e-06
7600.8974609375,2633.7180175781,32.8205032349,747.6923217773,1785.1281738281
-8.96e-06,262.5640869141,4223.8461914062,4430.7690429688,8.205119133
65.6410140991,5783.9741210938,-8.96e-06,-8.96e-06,-8.96e-06
7988.58984375,2945.5129394531,32.8205032349,565.1281738281,4427.1796875
-8.96e-06,262.5640869141,2125.0,4430.7690429688,10.7692222595
65.6410140991,3683.58984375,-8.96e-06,-8.96e-06,-8.96e-06
7545.5126953125,2674.7436523438,32.8205032349,876.9230957031,3294.8718261719
-8.96e-06,262.5640869141,6329.615234375,4397.9487304688,27.6922988892
65.6410140991,2633.7180175781,-8.96e-06,-8.96e-06,-8.96e-06
7561.9228515625,6375.5126953125,32.8205032349,565.1281738281,5214.8715820312
-8.96e-06,295.3846130371,2103.7180175781,4430.7690429688,-8.96e-06
65.6410140991,4735.384765625,-8.96e-06,-8.96e-06,-8.96e-06
7525.0,6367.3076171875,32.8205032349,405.1282043457,6330.7690429688
-8.96e-06,295.3846130371,2108.8461914062,4397.9487304688,23.5897350311
65.6410140991,7886.6665039062,-8.96e-06,-8.96e-06,-8.96e-06
7512.6923828125,6383.7177734375,32.8205032349,495.3846130371,6921.5385742188
-8.96e-06,295.3846130371,15.3846063614,4430.7690429688,6.6666579247
65.6410140991,5261.5385742188,-8.96e-06,-8.96e-06,-8.96e-06
7968.0771484375,6367.3076171875,32.8205032349,507.6922912598,7758.4614257812
-8.96e-06,295.3846130371,22.5640945435,4430.7690429688,10.7692222595
65.6410140991,2110.8974609375,-8.96e-06,-8.96e-06,-8.96e-06
7510.6411132812,16.4102478027,32.8205032349,647.1795043945,661.1538085938
-8.96e-06,295.3846130371,4219.3588867188,4430.7690429688,16.4102478027
65.6410140991,4736.6665039062,-8.96e-06,-8.96e-06,-8.96e-06
7543.4614257812,-8.96e-06,32.8205032349,692.3076782227,1736.0256347656
-8.96e-06,295.3846130371,4220.1284179688,4397.9487304688,29.2307605743
65.6410140991,535.0,-8.96e-06,-8.96e-06,-8.96e-06
6893.205078125,8.205119133,32.8205032349,602.0512695312,972.9487304688
-8.96e-06,295.3846130371,6327.5639648438,4430.7690429688,-8.96e-06
65.6410140991,4735.7690429688,-8.96e-06,-8.96e-06,-8.96e-06
7414.2309570312,8.205119133,32.8205032349,817.4359130859,2187.3076171875
-8.96e-06,295.3846130371,4227.9487304688,4397.9487304688,29.2307605743
65.6410140991,7360.7690429688,-8.96e-06,-8.96e-06,-8.96e-06
7467.5639648438,-8.96e-06,32.8205032349,657.4359130859,2523.7180175781
-8.96e-06,295.3846130371,4230.0,4430.7690429688,17.4358882904
65.6410140991,2634.6154785156,-8.96e-06,-8.96e-06,-8.96e-06
7336.2822265625,24.6153755188,32.8205032349,737.4359130859,2556.5385742188
-8.96e-06,295.3846130371,27.8205032349,4397.9487304688,29.7435798645
65.6410140991,7885.0,-8.96e-06,-8.96e-06,-8.96e-06
6866.5385742188,16.4102478027,32.8205032349,727.1795043945,1949.3590087891
-8.96e-06,295.3846130371,6330.8974609375,4430.7690429688,-8.96e-06
65.6410140991,1583.3333740234,-8.96e-06,-8.96e-06,-8.96e-06
6893.205078125,24.6153755188,32.8205032349,749.7435913086,3253.9743652344
-8.96e-06,295.3846130371,2131.2819824219,4365.1284179688,31.7948627472
65.6410140991,7.6922988892,-8.96e-06,-8.96e-06,-8.96e-06
6679.8715820312,24.6153755188,32.8205032349,669.7435913086,2950.3845214844
-8.96e-06,295.3846130371,28.4615287781,4397.9487304688,0.5128115416
65.6410140991,7359.1025390625,-8.96e-06,-8.96e-06,-8.96e-06
6944.4873046875,24.6153755188,32.8205032349,764.1025390625,4049.8718261719
-8.96e-06,295.3846130371,4230.0,4365.1284179688,25.6410160065
65.6410140991,1582.6922607422,-8.96e-06,-8.96e-06,-8.96e-06
6632.6923828125,16.4102478027,32.8205032349,739.4871826172,3754.4870605469
-8.96e-06,295.3846130371,6328.0771484375,4365.1284179688,20.5128116608
65.6410140991,4207.9487304688,-8.96e-06,-8.96e-06,-8.96e-06
6747.5639648438,-8.96e-06,32.8205032349,815.3845825195,3664.2307128906
-8.96e-06,295.3846130371,2127.8205566406,4365.1284179688,18.9743499756
65.6410140991,3157.9487304688,-8.96e-06,-8.96e-06,-8.96e-06
6583.4614257812,-8.96e-06,32.8205032349,821.5384521484,3877.5642089844
-8.96e-06,295.3846130371,6328.58984375,4365.1284179688,26.6666584015
65.6410140991,4208.3334960938,-8.96e-06,-8.96e-06,-8.96e-06
6548.58984375,-8.96e-06,32.8205032349,975.3845825195,4082.6923828125
-8.96e-06,295.3846130371,6328.3334960938,4365.1284179688,28.7179393768
65.6410140991,5258.4614257812,-8.96e-06,-8.96e-06,-8.96e-06
6860.384765625,-8.96e-06,32.8205032349,840.0,4780.1284179688
-8.96e-06,295.3846130371,4227.9487304688,4365.1284179688,28.2051200867
65.6410140991,4208.3334960938,-8.96e-06,-8.96e-06,-8.96e-06
7024.4873046875,-8.96e-06,32.8205032349,762.0512695312,4246.794921875
-8.96e-06,295.3846130371,25.8974266052,4365.1284179688,22.0512733459
65.6410140991,3157.8205566406,-8.96e-06,-8.96e-06,-8.96e-06
6928.0771484375,24.6153755188,32.8205032349,698.4615478516,4328.8461914062
-8.96e-06,295.3846130371,6323.9741210938,4365.1284179688,23.5897350311
65.6410140991,7883.4614257812,-8.96e-06,-8.96e-06,-8.96e-06
6866.5385742188,24.6153755188,32.8205032349,714.8717651367,3516.5385742188
-8.96e-06,295.3846130371,2121.41015625,4365.1284179688,18.4615287781
65.6410140991,6307.6923828125,-8.96e-06,-8.96e-06,-8.96e-06
6569.1025390625,-8.96e-06,32.8205032349,786.6666870117,4271.41015625
-8.96e-06,295.3846130371,6322.6923828125,4365.1284179688,13.8461446762
65.6410140991,2631.9230957031,-8.96e-06,-8.96e-06,-8.96e-06
6698.3334960938,24.6153755188,32.8205032349,641.0256347656,3959.6154785156
-8.96e-06,295.3846130371,2120.0,4365.1284179688,21.5384521484
65.6410140991,1056.4102783203,-8.96e-06,-8.96e-06,-8.96e-06
6770.1284179688,16.4102478027,32.8205032349,690.2564086914,5395.5126953125
-8.96e-06,295.3846130371,4221.9228515625,4365.1284179688,19.9999904633
65.6410140991,6.6666579247,-8.96e-06,-8.96e-06,-8.96e-06
6700.384765625,-8.96e-06,32.8205032349,593.8461303711,6716.5385742188
-8.96e-06,295.3846130371,4222.4360351562,4365.1284179688,19.9999904633
65.6410140991,4207.9487304688,-8.96e-06,-8.96e-06,-8.96e-06
6581.41015625,24.6153755188,32.8205032349,821.5384521484,6839.615234375
-8.96e-06,295.3846130371,4221.2822265625,4365.1284179688,10.7692222595
65.6410140991,3157.5642089844,-8.96e-06,-8.96e-06,-8.96e-06
6759.8715820312,8.205119133,32.8205032349,608.2051391602,7479.615234375
-8.96e-06,295.3846130371,4221.794921875,4365.1284179688,9.2307605743
65.6410140991,5783.0771484375,-8.96e-06,-8.96e-06,-8.96e-06
6683.9741210938,6391.9228515625,32.8205032349,636.9230957031,6560.6411132812
-8.96e-06,295.3846130371,4221.2822265625,4365.1284179688,5.6410164833
65.6410140991,4732.6923828125,-8.96e-06,-8.96e-06,-8.96e-06
6745.5126953125,2486.0256347656,32.8205032349,764.1025390625,7200.6411132812
-8.96e-06,295.3846130371,2121.5385742188,4365.1284179688,17.4358882904
65.6410140991,1582.0512695312,-8.96e-06,-8.96e-06,-8.96e-06
7157.8203125,2789.6154785156,32.8205032349,753.8461303711,7315.5126953125
-8.96e-06,295.3846130371,19.35896492,4365.1284179688,10.7692222595
65.6410140991,7882.9487304688,-8.96e-06,-8.96e-06,-8.96e-06
6421.41015625,2682.9487304688,32.8205032349,636.9230957031,6068.3334960938
-8.96e-06,295.3846130371,2118.58984375,4365.1284179688,14.3589658737
65.6410140991,4731.9228515625,-8.96e-06,-8.96e-06,-8.96e-06
6960.8974609375,6367.3076171875,32.8205032349,753.8461303711,7610.8974609375
-8.96e-06,295.3846130371,6320.384765625,4365.1284179688,11.7948627472
65.6410140991,3681.6667480469,-8.96e-06,-8.96e-06,-8.96e-06
6470.6411132812,6367.3076171875,32.8205032349,739.4871826172,5920.6411132812
-8.96e-06,295.3846130371,6318.205078125,4332.3076171875,29.7435798645
65.6410140991,3681.2819824219,-8.96e-06,-8.96e-06,-8.96e-06
6495.2563476562,6391.9228515625,32.8205032349,782.5640869141,5518.58984375
-8.96e-06,295.3846130371,2118.205078125,4332.3076171875,24.6153755188
65.6410140991,1055.8974609375,-8.96e-06,-8.96e-06,-8.96e-06
6759.8715820312,6375.5126953125,32.8205032349,665.6409912109,6248.8461914062
-8.96e-06,295.3846130371,2116.6667480469,4365.1284179688,2.0512731075
65.6410140991,3156.2819824219,-8.96e-06,-8.96e-06,-8.96e-06
6983.4614257812,6367.3076171875,32.8205032349,604.1025390625,7151.41015625
-8.96e-06,295.3846130371,6320.2563476562,4365.1284179688,15.8974266052
65.6410140991,7882.9487304688,-8.96e-06,-8.96e-06,-8.96e-06
