-8.96e-06,262.5640869141,6308.4614257812,4430.7690429688,-8.96e-06
65.6410140991,2625.6411132812,-8.96e-06,-8.96e-06,-8.96e-06
8247.0517578125,6391.9228515625,32.8205032349,524.1025390625,217.3076782227
-8.96e-06,262.5640869141,4208.4614257812,4397.9487304688,19.9999904633
65.6410140991,7877.0512695312,-8.96e-06,-8.96e-06,-8.96e-06
8189.615234375,6367.3076171875,32.8205032349,493.3333129883,512.6923217773
-8.96e-06,262.5640869141,4208.8461914062,4397.9487304688,28.2051200867
65.6410140991,5776.5385742188,-8.96e-06,-8.96e-06,-8.96e-06
136.4102478027,6367.3076171875,32.8205032349,372.3076782227,791.6666870117
-8.96e-06,262.5640869141,4209.2309570312,4397.9487304688,13.3333244324
65.6410140991,2625.8974609375,-8.96e-06,-8.96e-06,-8.96e-06
8292.1796875,6367.3076171875,32.8205032349,735.3845825195,561.9230957031
-8.96e-06,262.5640869141,6308.0771484375,4397.9487304688,10.256401062
65.6410140991,4201.1538085938,-8.96e-06,-8.96e-06,-8.96e-06
8277.8203125,6383.7177734375,32.8205032349,573.3333129883,8225.384765625
-8.96e-06,262.5640869141,8.3333244324,4397.9487304688,10.256401062
65.6410140991,1575.7691650391,-8.96e-06,-8.96e-06,-8.96e-06
8304.4873046875,6367.3076171875,32.8205032349,411.282043457,1144.4871826172
-8.96e-06,262.5640869141,2108.9743652344,4397.9487304688,28.2051200867
65.6410140991,4201.41015625,-8.96e-06,-8.96e-06,-8.96e-06
8245.0,6391.9228515625,32.8205032349,565.1281738281,406.0256347656
-8.96e-06,262.5640869141,2108.8461914062,4397.9487304688,27.6922988892
65.6410140991,4201.41015625,-8.96e-06,-8.96e-06,-8.96e-06
8333.205078125,6367.3076171875,32.8205032349,577.4359130859,7995.6411132812
-8.96e-06,262.5640869141,8.3333244324,4397.9487304688,8.7179393768
32.8205032349,6859.3588867188,-8.96e-06,-8.96e-06,-8.96e-06
8136.2822265625,6391.9228515625,32.8205032349,497.4358825684,159.8717803955
-8.96e-06,262.5640869141,4209.1025390625,4397.9487304688,15.3846063614
65.6410140991,4726.5385742188,-8.96e-06,-8.96e-06,-8.96e-06
8322.9482421875,6367.3076171875,32.8205032349,546.6666870117,750.6409912109
-8.96e-06,262.5640869141,8.0769138336,4397.9487304688,2.0512731075
65.6410140991,525.5128173828,-8.96e-06,-8.96e-06,-8.96e-06
8197.8203125,6367.3076171875,32.8205032349,509.7435913086,570.1281738281
-8.96e-06,262.5640869141,7.1794781685,4397.9487304688,20.5128116608
65.6410140991,3150.8974609375,-8.96e-06,-8.96e-06,-8.96e-06
8368.0771484375,6375.5126953125,32.8205032349,714.8717651367,8225.384765625
-8.96e-06,262.5640869141,6309.1025390625,4397.9487304688,23.5897350311
65.6410140991,4726.1538085938,-8.96e-06,-8.96e-06,-8.96e-06
8091.1538085938,6391.9228515625,32.8205032349,511.7948608398,7839.7436523438
-8.96e-06,262.5640869141,4207.9487304688,4397.9487304688,28.7179393768
32.8205032349,6334.2309570312,-8.96e-06,-8.96e-06,-8.96e-06
8300.384765625,6391.9228515625,32.8205032349,474.8717956543,184.4871673584
-8.96e-06,262.5640869141,8.3333244324,4397.9487304688,8.205119133
65.6410140991,3675.8974609375,-8.96e-06,-8.96e-06,-8.96e-06
8031.6665039062,6375.5126953125,32.8205032349,655.3845825195,135.2564086914
-8.96e-06,262.5640869141,6310.0,4397.9487304688,17.4358882904
65.6410140991,7877.0512695312,-8.96e-06,-8.96e-06,-8.96e-06
37.9487075806,172.179473877,32.8205032349,505.6410217285,545.5128173828
-8.96e-06,262.5640869141,4208.58984375,4397.9487304688,11.7948627472
65.6410140991,6826.9228515625,-8.96e-06,-8.96e-06,-8.96e-06
95.3846054077,525.0,32.8205032349,573.3333129883,471.6666564941
-8.96e-06,262.5640869141,8.4615297318,4397.9487304688,14.3589658737
65.6410140991,2626.1538085938,-8.96e-06,-8.96e-06,-8.96e-06
83.0769119263,7843.8461914062,32.8205032349,238.9743499756,963.9743652344
-8.96e-06,262.5640869141,6308.9741210938,4397.9487304688,0.5128115416
65.6410140991,2626.1538085938,-8.96e-06,-8.96e-06,-8.96e-06
87.1794815063,6391.9228515625,32.8205032349,534.3589477539,1366.0256347656
-8.96e-06,262.5640869141,6309.4873046875,4397.9487304688,22.0512733459
65.6410140991,526.0256347656,-8.96e-06,-8.96e-06,-8.96e-06
21.5384521484,6367.3076171875,32.8205032349,554.8717651367,1275.7691650391
-8.96e-06,262.5640869141,8.3333244324,4397.9487304688,8.205119133
65.6410140991,7877.3076171875,-8.96e-06,-8.96e-06,-8.96e-06
50.256401062,6391.9228515625,32.8205032349,238.9743499756,1751.6666259766
-8.96e-06,262.5640869141,7.9487090111,4397.9487304688,14.8717861176
65.6410140991,2626.1538085938,-8.96e-06,-8.96e-06,-8.96e-06
119.9999923706,6367.3076171875,32.8205032349,554.8717651367,652.1795043945
-8.96e-06,262.5640869141,7.9487090111,4397.9487304688,12.8205041885
65.6410140991,5776.9228515625,-8.96e-06,-8.96e-06,-8.96e-06
140.5128173828,-8.96e-06,32.8205032349,606.1538085938,2186.5385742188
-8.96e-06,262.5640869141,6308.205078125,4397.9487304688,3.076914072
65.6410140991,3676.2819824219,-8.96e-06,-8.96e-06,-8.96e-06
8281.9228515625,16.4102478027,32.8205032349,673.8461303711,1103.4615478516
-8.96e-06,262.5640869141,6308.8461914062,4397.9487304688,24.1025543213
65.6410140991,5776.9228515625,-8.96e-06,-8.96e-06,-8.96e-06
39.9999923706,-8.96e-06,32.8205032349,638.9743652344,1472.6922607422
-8.96e-06,262.5640869141,7.5640935898,4397.9487304688,12.307682991
65.6410140991,3676.2819824219,-8.96e-06,-8.96e-06,-8.96e-06
8228.58984375,24.6153755188,32.8205032349,595.8973999023,1489.1025390625
-8.96e-06,262.5640869141,2107.1794433594,4397.9487304688,10.256401062
65.6410140991,1575.7691650391,-8.96e-06,-8.96e-06,-8.96e-06
5.1281962395,-8.96e-06,32.8205032349,419.4871826172,734.2307739258
-8.96e-06,262.5640869141,4209.2309570312,4397.9487304688,10.256401062
65.6410140991,4201.2822265625,-8.96e-06,-8.96e-06,-8.96e-06
304.6153869629,-8.96e-06,32.8205032349,575.3845825195,2490.1281738281
-8.96e-06,262.5640869141,2108.4614257812,4397.9487304688,16.9230670929
65.6410140991,2626.2819824219,-8.96e-06,-8.96e-06,-8.96e-06
230.7692260742,16.4102478027,32.8205032349,702.5640869141,1283.9743652344
-8.96e-06,262.5640869141,4207.6923828125,4397.9487304688,8.7179393768
65.6410140991,6301.9228515625,-8.96e-06,-8.96e-06,-8.96e-06
158.9743499756,16.4102478027,32.8205032349,495.3846130371,2194.7436523438
-8.96e-06,262.5640869141,4208.4614257812,4397.9487304688,28.2051200867
65.6410140991,0.6410166621,-8.96e-06,-8.96e-06,-8.96e-06
8337.3076171875,-8.96e-06,32.8205032349,491.282043457,914.7435913086
-8.96e-06,262.5640869141,6309.2309570312,4397.9487304688,16.4102478027
65.6410140991,2100.8974609375,-8.96e-06,-8.96e-06,-8.96e-06
8152.6923828125,8.205119133,32.8205032349,546.6666870117,1095.2563476562
-8.96e-06,262.5640869141,2108.4614257812,4397.9487304688,28.2051200867
65.6410140991,2626.1538085938,-8.96e-06,-8.96e-06,-8.96e-06
8117.8203125,24.6153755188,32.8205032349,536.4102783203,709.6153564453
-8.96e-06,262.5640869141,7.1794781685,4397.9487304688,7.1794781685
65.6410140991,2625.8974609375,-8.96e-06,-8.96e-06,-8.96e-06
8302.435546875,16.4102478027,32.8205032349,661.5384521484,1751.6666259766
-8.96e-06,262.5640869141,2107.9487304688,4397.9487304688,19.9999904633
65.6410140991,1050.7691650391,-8.96e-06,-8.96e-06,-8.96e-06
54.3589668274,8.205119133,32.8205032349,302.5640869141,1513.7178955078
-8.96e-06,262.5640869141,6307.9487304688,4397.9487304688,5.6410164833
65.6410140991,6301.6665039062,-8.96e-06,-8.96e-06,-8.96e-06
132.3076782227,16.4102478027,32.8205032349,501.5384521484,2112.6923828125
-8.96e-06,262.5640869141,4208.0771484375,4397.9487304688,25.6410160065
65.6410140991,3676.41015625,-8.96e-06,-8.96e-06,-8.96e-06
31.7948627472,16.4102478027,32.8205032349,452.3076782227,422.4358825684
-8.96e-06,262.5640869141,4207.0512695312,4397.9487304688,6.6666579247
32.8205032349,5283.9741210938,-8.96e-06,-8.96e-06,-8.96e-06
8099.3588867188,8.205119133,32.8205032349,458.461517334,8389.4873046875
-8.96e-06,262.5640869141,4208.3334960938,4397.9487304688,16.4102478027
65.6410140991,3675.8974609375,-8.96e-06,-8.96e-06,-8.96e-06
8152.6923828125,16.4102478027,32.8205032349,550.7692260742,7700.2563476562
-8.96e-06,262.5640869141,2106.0256347656,4397.9487304688,21.5384521484
32.8205032349,4233.4614257812,-8.96e-06,-8.96e-06,-8.96e-06
7746.5385742188,8.205119133,32.8205032349,542.5640869141,8036.6665039062
-8.96e-06,262.5640869141,6305.8974609375,4397.9487304688,2.0512731075
32.8205032349,2657.8205566406,-8.96e-06,-8.96e-06,-8.96e-06
7779.3588867188,24.6153755188,32.8205032349,382.5640869141,7109.4873046875
-8.96e-06,262.5640869141,4205.1284179688,4365.1284179688,29.2307605743
32.8205032349,2657.6923828125,-8.96e-06,-8.96e-06,-8.96e-06
7758.8461914062,16.4102478027,32.8205032349,417.4358825684,7946.41015625
-8.96e-06,262.5640869141,4205.8974609375,4397.9487304688,11.2820425034
32.8205032349,5283.205078125,-8.96e-06,-8.96e-06,-8.96e-06
7890.1284179688,8.205119133,32.8205032349,417.4358825684,7946.41015625
-8.96e-06,262.5640869141,4206.0258789062,4397.9487304688,10.256401062
32.8205032349,5283.205078125,-8.96e-06,-8.96e-06,-8.96e-06
7890.1284179688,-8.96e-06,32.8205032349,450.2564086914,7897.1796875
-8.96e-06,262.5640869141,6306.41015625,4397.9487304688,7.1794781685
32.8205032349,2657.5642089844,-8.96e-06,-8.96e-06,-8.96e-06
7664.4873046875,16.4102478027,32.8205032349,540.5128173828,7363.8461914062
-8.96e-06,262.5640869141,4204.8715820312,4397.9487304688,4.102555275
32.8205032349,2657.4357910156,-8.96e-06,-8.96e-06,-8.96e-06
7922.9487304688,24.6153755188,32.8205032349,712.8204956055,7232.5639648438
-8.96e-06,262.5640869141,6305.384765625,4365.1284179688,25.1281967163
32.8205032349,1082.0512695312,-8.96e-06,-8.96e-06,-8.96e-06
7972.1796875,6367.3076171875,32.8205032349,565.1281738281,7158.7177734375
-8.96e-06,262.5640869141,4205.7690429688,4397.9487304688,9.2307605743
32.8205032349,3708.205078125,-8.96e-06,-8.96e-06,-8.96e-06
7939.3588867188,4685.0,32.8205032349,614.3589477539,258.3333129883
-8.96e-06,262.5640869141,5.256401062,4397.9487304688,13.3333244324
32.8205032349,2132.5642089844,-8.96e-06,-8.96e-06,-8.96e-06
8335.2568359375,4816.2822265625,32.8205032349,499.4871826172,7757.6923828125
-8.96e-06,262.5640869141,4205.1284179688,4397.9487304688,11.2820425034
32.8205032349,1082.3077392578,-8.96e-06,-8.96e-06,-8.96e-06
8156.794921875,2035.0,32.8205032349,517.9487304688,7897.1796875
-8.96e-06,262.5640869141,6.153837204,4397.9487304688,6.153837204
32.8205032349,1082.5640869141,-8.96e-06,-8.96e-06,-8.96e-06
7883.974609375,6375.5126953125,32.8205032349,450.2564086914,7372.0512695312
-8.96e-06,262.5640869141,6306.2822265625,4397.9487304688,4.6153755188
32.8205032349,3708.205078125,-8.96e-06,-8.96e-06,-8.96e-06
7711.6665039062,6383.7177734375,32.8205032349,499.4871826172,8381.2822265625
-8.96e-06,262.5640869141,4205.8974609375,4365.1284179688,30.256401062
32.8205032349,32.3076820374,-8.96e-06,-8.96e-06,-8.96e-06
7916.794921875,6367.3076171875,32.8205032349,450.2564086914,7503.3334960938
-8.96e-06,262.5640869141,5.5128116608,4397.9487304688,10.256401062
32.8205032349,7909.3588867188,-8.96e-06,-8.96e-06,-8.96e-06
7916.794921875,6391.9228515625,32.8205032349,624.6153564453,8233.58984375
-8.96e-06,262.5640869141,6307.1796875,4365.1284179688,25.1281967163
32.8205032349,2658.205078125,-8.96e-06,-8.96e-06,-8.96e-06
7738.3334960938,6367.3076171875,32.8205032349,454.3589782715,6715.6411132812
-8.96e-06,262.5640869141,6308.205078125,4397.9487304688,12.8205041885
32.8205032349,2133.205078125,-8.96e-06,-8.96e-06,-8.96e-06
8095.2563476562,6391.9228515625,32.8205032349,556.9230957031,7888.974609375
-8.96e-06,262.5640869141,6307.6923828125,4397.9487304688,21.5384521484
32.8205032349,4233.58984375,-8.96e-06,-8.96e-06,-8.96e-06
8366.025390625,6367.3076171875,32.8205032349,349.7435913086,7396.6665039062
-8.96e-06,262.5640869141,2106.794921875,4397.9487304688,13.8461446762
32.8205032349,6333.9741210938,-8.96e-06,-8.96e-06,-8.96e-06
7982.4360351562,6391.9228515625,32.8205032349,585.6409912109,8020.2563476562
-8.96e-06,262.5640869141,4207.3076171875,4397.9487304688,0.5128115416
32.8205032349,6333.9741210938,-8.96e-06,-8.96e-06,-8.96e-06
7750.6411132812,6391.9228515625,32.8205032349,563.0769042969,8102.3076171875
-8.96e-06,262.5640869141,2106.794921875,4397.9487304688,4.102555275
32.8205032349,2658.3332519531,-8.96e-06,-8.96e-06,-8.96e-06
8046.0258789062,6391.9228515625,32.8205032349,522.0512695312,135.2564086914
-8.96e-06,262.5640869141,4207.5639648438,4397.9487304688,7.6922988892
65.6410140991,3675.8974609375,-8.96e-06,-8.96e-06,-8.96e-06
8121.9228515625,6383.7177734375,32.8205032349,433.8461608887,7642.8203125
-8.96e-06,262.5640869141,6306.5385742188,4397.9487304688,1.0256320238
32.8205032349,1082.8205566406,-8.96e-06,-8.96e-06,-8.96e-06
7963.974609375,6367.3076171875,32.8205032349,327.179473877,250.1281890869
-8.96e-06,262.5640869141,4206.5385742188,4397.9487304688,12.307682991
65.6410140991,-8.96e-06,-8.96e-06,-8.96e-06,-8.96e-06
8033.7177734375,6383.7177734375,32.8205032349,437.9486999512,7207.9487304688
-8.96e-06,262.5640869141,6306.5385742188,4397.9487304688,9.7435808182
32.8205032349,6859.3588867188,-8.96e-06,-8.96e-06,-8.96e-06
8097.3076171875,6383.7177734375,32.8205032349,401.0256347656,7511.5385742188
-8.96e-06,262.5640869141,2106.0256347656,4397.9487304688,7.1794781685
32.8205032349,6859.3588867188,-8.96e-06,-8.96e-06,-8.96e-06
8066.5385742188,6383.7177734375,32.8205032349,513.8461303711,7938.205078125
-8.96e-06,262.5640869141,6308.58984375,4397.9487304688,16.4102478027
65.6410140991,6302.0512695312,-8.96e-06,-8.96e-06,-8.96e-06
7963.974609375,6391.9228515625,32.8205032349,390.7692260742,8274.615234375
-8.96e-06,262.5640869141,7.3076834679,4397.9487304688,26.6666584015
65.6410140991,2625.8974609375,-8.96e-06,-8.96e-06,-8.96e-06
8331.154296875,6391.9228515625,32.8205032349,249.230758667,233.7179412842
-8.96e-06,262.5640869141,7.4358882904,4397.9487304688,12.8205041885
65.6410140991,7352.0512695312,-8.96e-06,-8.96e-06,-8.96e-06
8050.1284179688,6391.9228515625,32.8205032349,581.5384521484,471.6666564941
-8.96e-06,262.5640869141,6308.0771484375,4397.9487304688,15.3846063614
65.6410140991,7351.9228515625,-8.96e-06,-8.96e-06,-8.96e-06
7892.1796875,6383.7177734375,32.8205032349,554.8717651367,110.6410140991
-8.96e-06,262.5640869141,4207.9487304688,4397.9487304688,25.6410160065
65.6410140991,1575.5128173828,-8.96e-06,-8.96e-06,-8.96e-06
8173.205078125,6375.5126953125,32.8205032349,386.6666564941,8069.4873046875
-8.96e-06,262.5640869141,2106.1538085938,4397.9487304688,12.8205041885
32.8205032349,4233.58984375,-8.96e-06,-8.96e-06,-8.96e-06
8247.0517578125,6367.3076171875,32.8205032349,673.8461303711,7823.3334960938
-8.96e-06,262.5640869141,2106.2819824219,4397.9487304688,8.205119133
32.8205032349,2133.0769042969,-8.96e-06,-8.96e-06,-8.96e-06
8359.8720703125,6383.7177734375,32.8205032349,714.8717651367,8135.1284179688
-8.96e-06,262.5640869141,2106.794921875,4397.9487304688,19.9999904633
32.8205032349,6859.3588867188,-8.96e-06,-8.96e-06,-8.96e-06
8400.8974609375,6383.7177734375,32.8205032349,686.1538085938,8061.2822265625
-8.96e-06,262.5640869141,2107.5642089844,4397.9487304688,15.8974266052
65.6410140991,7876.9228515625,-8.96e-06,-8.96e-06,-8.96e-06
8167.0512695312,6391.9228515625,32.8205032349,444.1025695801,7888.974609375
-8.96e-06,262.5640869141,6.5384526253,4430.7690429688,3.076914072
65.6410140991,1050.2563476562,-8.96e-06,-8.96e-06,-8.96e-06
8177.3076171875,6383.7177734375,32.8205032349,520.0,7191.5385742188
-8.96e-06,262.5640869141,4208.3334960938,4397.9487304688,20.5128116608
65.6410140991,1050.5128173828,-8.96e-06,-8.96e-06,-8.96e-06
8041.9228515625,6391.9228515625,32.8205032349,427.6922912598,8036.6665039062
-8.96e-06,262.5640869141,7.5640935898,4397.9487304688,21.0256328583
65.6410140991,1575.5128173828,-8.96e-06,-8.96e-06,-8.96e-06
8199.8720703125,6375.5126953125,32.8205032349,444.1025695801,6773.0771484375
-8.96e-06,262.5640869141,6308.58984375,4397.9487304688,15.8974266052
65.6410140991,0.128196165,-8.96e-06,-8.96e-06,-8.96e-06
8370.1279296875,6391.9228515625,-8.96e-06,-8.96e-06,7716.6665039062
2144.4870605469,3436.794921875,5455.8974609375,4399.8715820312,7796.0258789062
2051.1538085938,4956.1538085938,3147.5642089844,2886.41015625,2218.4614257812
8140.384765625,7614.3588867188,-8.96e-06,-8.96e-06,8274.615234375
2275.7692871094,2911.6667480469,5455.0,4399.8715820312,7822.6923828125
2051.2819824219,7581.6665039062,5280.8974609375,2869.7436523438,2218.4614257812
8304.4873046875,6391.9228515625,-8.96e-06,-8.96e-06,7880.7690429688
2275.7692871094,2911.6667480469,7554.7436523438,4366.9228515625,7809.8715820312
2313.8461914062,1280.0,7348.58984375,2886.1538085938,2218.4614257812
7910.6411132812,6383.7177734375,-8.96e-06,-8.96e-06,8208.974609375
2275.7692871094,2911.6667480469,7554.8715820312,4399.7436523438,7823.205078125
2313.8461914062,2855.3845214844,1047.0512695312,2886.0256347656,2218.4614257812
8304.4873046875,6375.5126953125,-8.96e-06,-8.96e-06,36.7948646545
2275.7692871094,2911.6667480469,5453.8461914062,4399.7436523438,7893.4614257812
2149.7436523438,3938.3332519531,3147.6923828125,2886.2819824219,2218.4614257812
8173.205078125,6383.7177734375,-8.96e-06,-8.96e-06,7224.3588867188
2407.0512695312,2386.5385742188,7556.0258789062,4399.7436523438,7831.9228515625
2182.5642089844,2855.3845214844,7348.58984375,2885.8974609375,2218.4614257812
8206.025390625,6662.3076171875,-8.96e-06,-8.96e-06,69.6153793335
2407.0512695312,2386.5385742188,3355.3845214844,4399.7436523438,7908.3334960938
1920.0,2330.5126953125,5247.9487304688,2886.1538085938,2218.4614257812
8370.1279296875,2034.7435302734,-8.96e-06,-8.96e-06,7486.9228515625
2538.3332519531,2386.5385742188,7555.8974609375,4399.7436523438,7827.3076171875
2149.6154785156,7614.2309570312,1080.0,2870.0,2218.4614257812
99.4871673584,6375.5126953125,-8.96e-06,-8.96e-06,365.0
2538.3332519531,1861.4102783203,3354.6154785156,4399.7436523438,7874.4873046875
2182.5642089844,3380.6411132812,7348.58984375,2885.8974609375,2218.4614257812
1.0256320238,2034.7435302734,-8.96e-06,-8.96e-06,36.7948646545
2669.6154785156,1861.4102783203,1254.8718261719,4399.8715820312,7873.4614257812
2182.4357910156,2855.6411132812,3180.3845214844,2869.7436523438,2743.58984375
8173.205078125,16.4102478027,-8.96e-06,-8.96e-06,8340.2568359375
2669.6154785156,1336.2821044922,1253.7178955078,4399.8715820312,7841.1538085938
2149.7436523438,1312.6922607422,5247.9487304688,2886.1538085938,2743.58984375
8140.384765625,24.6153755188,-8.96e-06,-8.96e-06,7880.7690429688
2800.8974609375,1336.2821044922,5454.7436523438,4432.6923828125,7812.4360351562
2313.7180175781,4955.8974609375,3180.3845214844,2870.2563476562,2743.58984375
8238.845703125,8.205119133,-8.96e-06,-8.96e-06,299.3589782715
2800.8974609375,811.1538085938,7555.5126953125,4399.8715820312,7866.2822265625
2182.4357910156,755.0,3181.41015625,2869.8718261719,2743.58984375
8304.4873046875,8.205119133,-8.96e-06,-8.96e-06,890.1281738281
2800.8974609375,811.1538085938,1253.9743652344,4399.8715820312,7837.5639648438
2445.1281738281,4431.0258789062,1079.8718261719,2870.0,2743.58984375
8173.205078125,16.4102478027,-8.96e-06,-8.96e-06,529.1025390625
2800.8974609375,811.1538085938,5455.5126953125,4399.8715820312,7833.4614257812
2445.1281738281,1805.5128173828,1048.0769042969,2886.1538085938,2743.58984375
7976.2822265625,24.6153755188,-8.96e-06,-8.96e-06,36.7948646545
2800.8974609375,811.1538085938,5455.7690429688,4400.0,7866.2822265625
2182.4357910156,2855.5129394531,1079.8718261719,2869.7436523438,2776.41015625
7877.8203125,24.6153755188,-8.96e-06,-8.96e-06,7585.384765625
2800.8974609375,286.0256347656,3355.6411132812,4399.8715820312,7860.1284179688
2182.5642089844,7056.5385742188,1080.0,2870.1281738281,2743.58984375
7943.4614257812,16.4102478027,-8.96e-06,-8.96e-06,7815.1284179688
2800.8974609375,286.0256347656,5455.2563476562,4399.8715820312,7903.7177734375
1887.1794433594,3413.0769042969,3147.5642089844,2886.5385742188,2743.58984375
8173.205078125,16.4102478027,-8.96e-06,-8.96e-06,7454.1025390625
2800.8974609375,286.0256347656,3354.4870605469,4399.8715820312,7833.4614257812
2018.3333740234,6563.8461914062,3148.58984375,2886.0256347656,2743.58984375
8271.6669921875,-8.96e-06,-8.96e-06,-8.96e-06,463.461517334
2800.8974609375,286.0256347656,7555.7690429688,4399.8715820312,7822.1796875
2313.7180175781,6006.2822265625,5281.9228515625,2870.0,2743.58984375
8074.7436523438,8.205119133,-8.96e-06,-8.96e-06,726.0256347656
2800.8974609375,286.0256347656,1254.3590087891,4399.8715820312,7822.6923828125
1919.8718261719,1280.2563476562,5281.9228515625,2869.6154785156,2743.58984375
8238.845703125,24.6153755188,-8.96e-06,-8.96e-06,7815.1284179688
2800.8974609375,286.0256347656,7557.1796875,4399.8715820312,7825.2563476562
2051.1538085938,3905.8974609375,3148.58984375,2886.0256347656,2743.58984375
8173.205078125,-8.96e-06,-8.96e-06,-8.96e-06,430.6410217285
2800.8974609375,286.0256347656,3354.8718261719,4399.8715820312,7834.4873046875
1919.8718261719,230.1281890869,5281.9228515625,2869.6154785156,2743.58984375
8238.845703125,24.6153755188,-8.96e-06,-8.96e-06,7421.2822265625
2800.8974609375,8162.8203125,5456.9228515625,4432.6923828125,7845.7690429688
1920.0,3906.1538085938,5248.0771484375,2886.2819824219,2743.58984375
7976.2822265625,-8.96e-06,-8.96e-06,-8.96e-06,266.5384521484
2800.8974609375,8162.8203125,3354.7436523438,4399.8715820312,7863.7177734375
2576.2819824219,229.8717803955,3180.3845214844,2869.8718261719,2743.58984375
7648.0771484375,-8.96e-06,-8.96e-06,-8.96e-06,6797.6923828125
2800.8974609375,8162.8203125,7556.1538085938,4399.8715820312,7824.2309570312
2281.0256347656,8139.3588867188,5248.0771484375,2886.5385742188,2743.58984375
8304.4873046875,-8.96e-06,-8.96e-06,-8.96e-06,6830.5126953125
2800.8974609375,8162.8203125,1254.1025390625,4399.8715820312,7847.8203125
2445.0,6006.1538085938,7381.2822265625,2869.4870605469,2743.58984375
8238.845703125,8.205119133,-8.96e-06,-8.96e-06,8012.0512695312
2800.8974609375,7637.6923828125,5455.0,4400.0,7829.3588867188
2313.8461914062,1805.2563476562,3147.5642089844,2886.0256347656,2776.41015625
99.4871673584,24.6153755188,-8.96e-06,-8.96e-06,7486.9228515625
2932.1794433594,7637.6923828125,7555.1284179688,4400.1284179688,7822.6923828125
2576.2819824219,1280.1281738281,3180.5129394531,2869.8718261719,2776.41015625
8041.9228515625,8.205119133,-8.96e-06,-8.96e-06,7519.7436523438
2932.1794433594,7637.6923828125,3354.6154785156,4432.9487304688,7811.9228515625
2051.2819824219,6531.2822265625,1047.0512695312,2886.0256347656,2776.41015625
8140.384765625,16.4102478027,-8.96e-06,-8.96e-06,6896.1538085938
2932.1794433594,7637.6923828125,3355.7692871094,4400.1284179688,7859.1025390625
2182.4357910156,1280.1281738281,5281.9228515625,2869.6154785156,2776.41015625
8041.9228515625,24.6153755188,-8.96e-06,-8.96e-06,7880.7690429688
2932.1794433594,7637.6923828125,5456.41015625,4400.2563476562,7798.58984375
2445.1281738281,1805.3846435547,7348.4614257812,2886.0256347656,2776.41015625
8304.4873046875,-8.96e-06,-8.96e-06,-8.96e-06,7847.9487304688
2932.1794433594,8162.8203125,7555.1284179688,4400.2563476562,7821.1538085938
1919.8718261719,3905.6411132812,3181.41015625,2869.8718261719,2776.41015625
132.3076782227,8.205119133,-8.96e-06,-8.96e-06,332.179473877
2932.1794433594,7637.6923828125,3354.1025390625,4400.2563476562,7817.0512695312
2445.1281738281,7581.6665039062,7348.58984375,2886.2819824219,2776.41015625
33.8461456299,6375.5126953125,-8.96e-06,-8.96e-06,8143.3334960938
2932.1794433594,8162.8203125,5453.9741210938,4400.2563476562,7827.8203125
2445.0,1280.1281738281,5281.9228515625,2870.0,2776.41015625
8337.3076171875,6391.9228515625,-8.96e-06,-8.96e-06,7454.1025390625
2932.1794433594,7637.6923828125,1254.7435302734,4400.2563476562,7840.1284179688
2182.4357910156,1280.2563476562,3180.3845214844,2870.0,2776.41015625
7812.1796875,6375.5126953125,-8.96e-06,-8.96e-06,7618.205078125
2932.1794433594,7637.6923828125,1254.6153564453,4400.2563476562,7843.7177734375
2280.8974609375,3413.0769042969,5280.8974609375,2869.7436523438,2776.41015625
7976.2822265625,6367.3076171875,-8.96e-06,-8.96e-06,7847.9487304688
3063.4614257812,8162.8203125,3353.9743652344,4400.2563476562,7790.8974609375
2280.8974609375,5513.4614257812,7381.41015625,2869.7436523438,2776.41015625
8107.5639648438,6785.384765625,-8.96e-06,-8.96e-06,8143.3334960938
3063.4614257812,8162.8203125,5455.384765625,4400.2563476562,7828.3334960938
2149.6154785156,7089.1025390625,3180.3845214844,2869.7436523438,2776.41015625
8140.384765625,2182.4357910156,-8.96e-06,-8.96e-06,8143.3334960938
3194.7436523438,7637.6923828125,1254.7435302734,4400.384765625,7823.205078125
2051.2819824219,6531.41015625,7381.41015625,2870.1281738281,3301.5385742188
8271.6669921875,6367.3076171875,-8.96e-06,-8.96e-06,233.7179412842
3194.7436523438,7637.6923828125,5455.7690429688,4400.384765625,7850.384765625
2445.1281738281,7581.6665039062,1047.0512695312,2886.41015625,3301.5385742188
8140.384765625,2190.6411132812,-8.96e-06,-8.96e-06,8110.5126953125
3194.7436523438,7637.6923828125,5454.8715820312,4400.384765625,7890.8974609375
2018.3333740234,4463.4614257812,3181.41015625,2869.6154785156,3301.5385742188
7910.6411132812,6391.9228515625,-8.96e-06,-8.96e-06,7847.9487304688
3194.7436523438,7637.6923828125,1254.4871826172,4400.384765625,7856.0258789062
2149.6154785156,6563.7177734375,5281.9228515625,2869.6154785156,3301.5385742188
8107.5639648438,2190.6411132812,-8.96e-06,-8.96e-06,8110.5126953125
3326.0256347656,7637.6923828125,5454.3588867188,4400.384765625,7891.9228515625
1887.0512695312,2887.9487304688,3181.41015625,2869.7436523438,3301.5385742188
7943.4614257812,6391.9228515625,-8.96e-06,-8.96e-06,8012.0512695312
3326.0256347656,7637.6923828125,1253.7178955078,4400.5126953125,7830.8974609375
2280.8974609375,3413.205078125,3181.41015625,2869.8718261719,3334.3588867188
7976.2822265625,2174.2307128906,-8.96e-06,-8.96e-06,8241.794921875
3457.3076171875,7637.6923828125,3354.6154785156,4400.5126953125,7817.5639648438
2018.3333740234,7614.2309570312,5280.8974609375,2869.8718261719,3334.3588867188
8107.5639648438,6367.3076171875,-8.96e-06,-8.96e-06,168.0769195557
3457.3076171875,7112.5639648438,3354.7436523438,4400.5126953125,7825.7690429688
2313.8461914062,7056.5385742188,5248.0771484375,2886.5385742188,3334.3588867188
8173.205078125,2182.4357910156,-8.96e-06,-8.96e-06,7847.9487304688
3457.3076171875,7112.5639648438,1254.8718261719,4400.5126953125,7845.2563476562
2182.4357910156,4431.1538085938,5281.9228515625,2869.7436523438,3334.3588867188
8304.4873046875,6375.5126953125,-8.96e-06,-8.96e-06,365.0
3457.3076171875,7112.5639648438,7556.41015625,4367.6923828125,7876.0258789062
2051.1538085938,755.6409912109,5280.8974609375,2869.8718261719,3334.3588867188
8074.7436523438,2190.6411132812,-8.96e-06,-8.96e-06,332.179473877
3588.58984375,7112.5639648438,7556.2822265625,4400.5126953125,7815.0
2051.1538085938,7056.5385742188,3180.3845214844,2869.8718261719,3334.3588867188
7976.2822265625,6367.3076171875,-8.96e-06,-8.96e-06,3.9743499756
3588.58984375,6587.4360351562,7555.6411132812,4400.5126953125,7859.615234375
2051.2819824219,1805.1281738281,3147.5642089844,2886.1538085938,3334.3588867188
8009.1025390625,2198.8461914062,-8.96e-06,-8.96e-06,857.3076782227
3719.8718261719,6587.4360351562,5455.0,4400.5126953125,7823.7177734375
2182.5642089844,2855.3845214844,7349.615234375,2886.41015625,3859.4870605469
7779.3588867188,6383.7177734375,-8.96e-06,-8.96e-06,8208.974609375
3588.58984375,7112.5639648438,7555.2563476562,4400.5126953125,7826.794921875
1887.1794433594,5513.7177734375,7348.4614257812,2886.5385742188,3334.3588867188
7877.8203125,2190.6411132812,-8.96e-06,-8.96e-06,8274.615234375
3719.8718261719,6587.4360351562,3354.8718261719,4400.5126953125,7821.1538085938
2182.5642089844,1280.0,7349.615234375,2886.41015625,3859.4870605469
7746.5385742188,6367.3076171875,-8.96e-06,-8.96e-06,7060.2563476562
3719.8718261719,6587.4360351562,5456.6665039062,4400.5126953125,7844.2309570312
2051.2819824219,1280.1281738281,1047.0512695312,2886.41015625,3859.4870605469
7910.6411132812,2198.8461914062,-8.96e-06,-8.96e-06,7880.7690429688
3719.8718261719,6062.3076171875,1254.7435302734,4400.5126953125,7851.41015625
2445.0,4430.7690429688,3181.41015625,2869.4870605469,3859.4870605469
8009.1025390625,6383.7177734375,-8.96e-06,-8.96e-06,7815.1284179688
3851.1538085938,6062.3076171875,3355.8974609375,4367.8203125,7839.1025390625
2182.5642089844,230.3846130371,1047.0512695312,2886.41015625,3859.4870605469
8107.5639648438,2174.2307128906,-8.96e-06,-8.96e-06,791.6666870117
3851.1538085938,6062.3076171875,7556.1538085938,4400.5126953125,7813.974609375
2313.7180175781,1805.3846435547,1079.8718261719,2870.1281738281,3859.4870605469
7845.0,6367.3076171875,-8.96e-06,-8.96e-06,8077.6923828125
3851.1538085938,6062.3076171875,5455.7690429688,4367.8203125,7868.8461914062
2018.4615478516,5513.7177734375,1079.8718261719,2869.7436523438,3859.4870605469
7418.3334960938,2198.8461914062,-8.96e-06,-8.96e-06,7683.8461914062
3851.1538085938,6062.3076171875,5456.1538085938,4400.6411132812,7789.8715820312
2182.4357910156,1280.2563476562,3180.5129394531,2870.0,3859.4870605469
7549.615234375,6383.7177734375,-8.96e-06,-8.96e-06,8110.5126953125
3851.1538085938,6062.3076171875,1256.2821044922,4400.6411132812,7781.1538085938
2313.7180175781,229.9999847412,5280.8974609375,2869.7436523438,3859.4870605469
7516.794921875,2198.8461914062,-8.96e-06,-8.96e-06,7913.58984375
3851.1538085938,5537.1796875,7556.794921875,4400.5126953125,7815.0
2051.2819824219,6531.5385742188,1047.0512695312,2886.2819824219,3859.4870605469
8074.7436523438,6367.3076171875,-8.96e-06,-8.96e-06,7913.58984375
3851.1538085938,5537.1796875,7557.1796875,4367.6923828125,7875.0
2838.9743652344,6006.41015625,7348.58984375,2886.0256347656,3859.4870605469
7680.8974609375,2190.6411132812,-8.96e-06,-8.96e-06,7979.2309570312
3851.1538085938,5537.1796875,1255.2563476562,4400.5126953125,7850.384765625
2313.8461914062,3905.8974609375,7348.7177734375,2886.41015625,3859.4870605469
7910.6411132812,6383.7177734375,-8.96e-06,-8.96e-06,7454.1025390625
3851.1538085938,5537.1796875,3355.6411132812,4367.6923828125,7906.2822265625
2313.7180175781,8106.6665039062,5280.7690429688,2869.7436523438,3859.4870605469
7385.5126953125,7630.7690429688,-8.96e-06,-8.96e-06,7815.1284179688
3982.4357910156,5537.1796875,1254.1025390625,4400.5126953125,7860.1284179688
2149.6154785156,8139.3588867188,5281.0258789062,2870.1281738281,3859.4870605469
7483.974609375,6391.9228515625,-8.96e-06,-8.96e-06,7486.9228515625
3982.4357910156,5012.0512695312,3354.2307128906,4367.5639648438,7828.8461914062
1919.8718261719,754.8717651367,5281.9228515625,2869.7436523438,3826.6667480469
7319.8715820312,6383.7177734375,-8.96e-06,-8.96e-06,7880.7690429688
3982.4357910156,5012.0512695312,3355.7692871094,4367.5639648438,7894.4873046875
2182.4357910156,1280.3846435547,1080.0,2870.0,3826.6667480469
7385.5126953125,6383.7177734375,-8.96e-06,-8.96e-06,6896.1538085938
3982.4357910156,5012.0512695312,7555.5126953125,4367.6923828125,7866.794921875
2051.1538085938,755.2564086914,7382.3076171875,2870.1281738281,3859.4870605469
7976.2822265625,6391.9228515625,-8.96e-06,-8.96e-06,8110.5126953125
3982.4357910156,5012.0512695312,1255.1281738281,4367.6923828125,7904.2309570312
2182.4357910156,8107.0512695312,1080.0,2869.7436523438,3859.4870605469
7976.2822265625,6424.3588867188,-8.96e-06,-8.96e-06,397.8204956055
3982.4357910156,5012.0512695312,7556.2822265625,4400.6411132812,7850.8974609375
2445.0,4956.794921875,3180.3845214844,2869.7436523438,3859.4870605469
8074.7436523438,1829.6153564453,-8.96e-06,-8.96e-06,266.5384521484
4113.7177734375,5012.0512695312,3354.3588867188,4367.8203125,7841.1538085938
2051.1538085938,8106.9228515625,7382.3076171875,2870.1281738281,3859.4870605469
7845.0,6383.7177734375,-8.96e-06,-8.96e-06,5977.1796875
4113.7177734375,5012.0512695312,1254.7435302734,4367.8203125,7867.3076171875
2445.0,230.3846130371,5281.9228515625,2869.6154785156,3859.4870605469
8041.9228515625,1829.6153564453,-8.96e-06,-8.96e-06,8077.6923828125
4113.7177734375,5012.0512695312,7556.6665039062,4400.6411132812,7817.5639648438
2182.5642089844,4431.5385742188,7348.58984375,2886.1538085938,3859.4870605469
8074.7436523438,24.6153755188,-8.96e-06,-8.96e-06,7552.5639648438
4113.7177734375,5012.0512695312,7556.9228515625,4367.9487304688,7839.1025390625
2445.1281738281,755.3845825195,3148.58984375,2886.41015625,3859.4870605469
8271.6669921875,-8.96e-06,-8.96e-06,-8.96e-06,594.7435913086
4113.7177734375,5537.1796875,3355.6411132812,4400.7690429688,7825.7690429688
2313.7180175781,8107.3076171875,7348.4614257812,2886.2819824219,3859.4870605469
8074.7436523438,24.6153755188,-8.96e-06,-8.96e-06,7486.9228515625
4113.7177734375,5537.1796875,5455.0,4367.9487304688,7896.5385742188
2182.4357910156,5481.41015625,5280.8974609375,2870.0,3859.4870605469
8173.205078125,-8.96e-06,-8.96e-06,-8.96e-06,233.7179412842
4113.7177734375,5537.1796875,7556.1538085938,4367.9487304688,7902.6923828125
1920.0,6531.794921875,3147.5642089844,2886.0256347656,3859.4870605469
7812.1796875,16.4102478027,-8.96e-06,-8.96e-06,7618.205078125
4113.7177734375,5537.1796875,3355.3845214844,4400.6411132812,7816.0258789062
2313.7180175781,3381.2819824219,3180.3845214844,2869.6154785156,3859.4870605469
8173.205078125,16.4102478027,-8.96e-06,-8.96e-06,7191.5385742188
4113.7177734375,5537.1796875,5456.6665039062,4367.8203125,7841.1538085938
2182.5642089844,230.3846130371,1047.1794433594,2886.1538085938,3859.4870605469
7910.6411132812,16.4102478027,-8.96e-06,-8.96e-06,36.7948646545
4113.7177734375,5537.1796875,7556.41015625,4400.6411132812,7821.6665039062
2051.1538085938,3380.8974609375,5280.8974609375,2869.6154785156,3859.4870605469
7943.4614257812,16.4102478027,-8.96e-06,-8.96e-06,7519.7436523438
4113.7177734375,5537.1796875,3354.6154785156,4400.6411132812,7816.5385742188
2182.4357910156,6006.2822265625,5280.8974609375,2869.6154785156,3859.4870605469
7680.8974609375,24.6153755188,-8.96e-06,-8.96e-06,8274.615234375
4113.7177734375,5537.1796875,7556.794921875,4400.6411132812,7811.41015625
2445.0,6531.5385742188,7381.41015625,2870.0,3859.4870605469
7680.8974609375,24.6153755188,-8.96e-06,-8.96e-06,8176.1538085938
4113.7177734375,5012.0512695312,1254.3590087891,4400.6411132812,7819.615234375
2051.2819824219,1805.3846435547,7348.4614257812,2886.1538085938,3859.4870605469
7943.4614257812,16.4102478027,-8.96e-06,-8.96e-06,3.9743499756
4113.7177734375,5537.1796875,7555.384765625,4367.8203125,7843.205078125
2149.6154785156,2888.0769042969,5280.8974609375,2869.6154785156,3859.4870605469
7746.5385742188,-8.96e-06,-8.96e-06,-8.96e-06,200.8974304199
4113.7177734375,5012.0512695312,7555.8974609375,4367.8203125,7837.5639648438
2051.2819824219,229.7435760498,7348.4614257812,2886.1538085938,3859.4870605469
7648.0771484375,-8.96e-06,-8.96e-06,-8.96e-06,8241.794921875
4113.7177734375,5012.0512695312,1254.2307128906,4400.6411132812,7884.2309570312
1920.0,8106.794921875,3147.6923828125,2886.2819824219,3859.4870605469
7746.5385742188,16.4102478027,-8.96e-06,-8.96e-06,8077.6923828125
4113.7177734375,5012.0512695312,5456.1538085938,4367.8203125,7873.974609375
2313.7180175781,6006.2822265625,5281.9228515625,2870.0,3859.4870605469
7680.8974609375,16.4102478027,-8.96e-06,-8.96e-06,529.1025390625
4113.7177734375,5012.0512695312,7555.6411132812,4400.6411132812,7888.8461914062
2445.1281738281,2855.6411132812,3147.5642089844,2886.1538085938,3859.4870605469
7648.0771484375,8.205119133,-8.96e-06,-8.96e-06,36.7948646545
4245.0,5012.0512695312,3355.3845214844,4367.8203125,7876.5385742188
1920.0,4956.0258789062,3180.3845214844,2869.8718261719,4384.615234375
7812.1796875,24.6153755188,-8.96e-06,-8.96e-06,561.9230957031
4245.0,5012.0512695312,5456.2822265625,4400.6411132812,7813.974609375
2313.7180175781,229.9999847412,7382.4360351562,2869.6154785156,4384.615234375
7615.2563476562,24.6153755188,-8.96e-06,-8.96e-06,365.0
4245.0,4486.9228515625,7555.5126953125,4400.6411132812,7844.2309570312
2182.4357910156,4955.8974609375,5281.794921875,2869.7436523438,4384.615234375
7812.1796875,16.4102478027,-8.96e-06,-8.96e-06,69.6153793335
4245.0,4486.9228515625,7556.9228515625,4400.6411132812,7879.615234375
2051.1538085938,8106.9228515625,3181.41015625,2869.7436523438,4384.615234375
